The first line of numbers contains the time in ms for insertionSort.
For insertionSort we started with 30'000 and went up to 300'000 with an increment of 300.

420 407 222 194 239 315 403 363 530 467 494 560 704 775 743 867 903 1162 1394 1104 1081 1113 1176 1324 1440 5251 3988 4382 4599 4970 5000 5307 5583 5834 5918 6411 6595 6812 7228 7403 5523 6347 8575 8500 9094 9033 10095 9854 10579 11187 11287 9598 9985 11629 10998 13174 13498 13567 13582 12930 14818 15239 15769 15770 16057 16518 17751 18372 19251 18493 19181 19665 17674 21419 21845 22055 22173 23205 23661 24344 25142 25186 25837 25744 26866 28132 25862 27499 24050 26786 25552 24836 24828 27399 30833 26434 33776 28669 33296 36403 36636 

The second line of numbers contains the time in ms for mergeSort.
For mergeSort we started with 30'000 and went up to 300'000 with an increment of 2700.

30 21 14 13 14 16 19 16 17 14 9 9 8 9 9 9 9 9 12 17 18 21 19 14 14 14 13 14 13 14 10 10 10 12 10 10 11 11 11 11 11 12 12 12 12 11 11 13 12 12 11 12 12 13 12 13 12 12 13 13 16 19 25 17 18 17 16 17 13 14 14 13 14 14 14 15 15 16 13 15 15 15 16 14 15 15 15 15 16 16 18 16 15 14 16 17 17 20 21 21 21 18 18 16 16 16 18 17 17 17 17 17 18 20 18 18 17 17 17 18 17 18 17 20 20 18 19 18 19 18 19 19 19 19 21 20 19 19 20 21 19 19 20 19 24 20 20 21 21 20 20 20 20 24 21 21 22 20 21 22 21 22 24 21 22 22 22 22 22 22 22 25 26 29 28 23 22 23 24 24 30 25 30 30 25 23 23 24 25 25 24 24 25 25 24 24 25 24 25 32 24 28 28 31 32 26 27 31 24 28 37 39 34 36 39 36 32 37 25 27 26 26 27 28 29 28 29 28 27 26 28 27 28 29 28 28 27 29 29 28 30 28 29 28 29 29 31 29 29 30 30 31 30 30 30 30 31 30 30 32 32 30 31 30 31 31 32 31 30 31 31 31 32 31 33 41 36 31 32 33 32 34 32 32 33 33 32 31 33 31 35 32 32 32 34 32 35 35 34 34 34 34 35 35 33 34 34 35 35 36 35 35 36 36 41 45 38 36 41 45 40 36 36 35 41 46 38 36 37 38 43 44 45 39 37 36 37 36 36 38 36 38 38 38 38 39 37 39 38 40 51 50 44 38 39 41 39 40 39 39 40 38 39 39 41 40 41 40 41 40 40 42 40 41 40 40 42 41 42 40 40 44 53 42 40 41 42 41 42 42 43 41 42 43 43 45 42 43 44 42 44 43 42 43 42 46 44 44 44 45 43 45 44 44 44 45 45 44 45 46 44 45 45 34 40 49 48 42 51 46 46 47 48 46 48 47 49 43 29 34 40 44 48 47 47 39 36 48 49 50 43 44 51 49 49 47 38 43 53 62 52 47 50 50 51 54 51 43 44 52 53 51 55 51 53 57 56 53 46 54 58 41 59 93 92 80 47 59 86 87 85 86 59 42 52 46 46 59 87 46 46 49 56 54 44 49 52 53 53 54 56 55 48 34 41 34 42 46 52 58 56 56 55 55 54 53 55 55 54 56 56 56 56 55 56 56 52 51 56 51 48 36 40 37 41 50 46 54 57 56 57 58 57 52 60 65 71 57 73 62 64 59 58 57 45 46 55 51 63 56 48 53 56 54 63 90 97 82 60 63 71 71 43 38 40 44 67 58 52 92 65 59 64 62 64 52 59 53 45 51 46 39 38 59 67 52 63 104 102 107 52 48 40 39 55 52 52 57 68 65 46 49 46 45 44 41 39 39 45 44 85 112 83 68 75 60 53 64 65 67 68 73 71 68 47 50 55 53 82 60 56 61 55 80 93 71 52 46 47 60 57 57 51 54 54 56 50 50 43 45 43 44 44 43 43 52 58 47 44 42 43 70 104 43 42 54 74 73 74 51 56 72 72 72 77 87 111 65 73 73 75 83 93 44 45 45 55 60 66 59 53 50 56 47 51 49 43 44 44 44 53 63 56 67 80 78 123 87 86 85 79 79 77 77 79 81 99 61 52 48 56 61 87 65 57 74 80 59 55 70 110 88 44 47 65 85 60 50 54 51 47 47 45 50 78 78 78 100 97 51 54 59 81 62 50 48 59 77 59 62 74 70 73 52 64 51 58 53 58 79 71 54 55 54 54 53 53 86 96 65 60 62 75 92 78 72 67 55 56 72 52 63 52 55 67 66 66 63 68 54 54 56 56 52 54 64 84 81 64 57 85 88 90 92 139 76 86 85 76 89 88 90 66 52 60 63 71 63 64 58 54 58 53 53 54 99 67 85 74 74 81 73 76 59 62 80 73 76 56 62 55 57 64 62 63 61 64 60 56 56 61 63 57 62 61 78 74 58 61 64 67 59 57 59 54 57 55 57 55 56 58 

The third line of numbers contains the time in ms for java.util.Arrays.sort.
For java.util.Arrays.sort we started with 30'000 and went up to 300'000 with an increment of 900.

56 49 28 36 34 33 35 18 18 23 25 39 35 3 3 3 3 4 2 6 10 10 8 10 9 9 7 3 3 4 3 4 3 4 3 4 4 3 3 3 3 3 3 3 3 3 4 4 4 6 10 10 11 9 7 5 4 4 4 4 5 4 5 5 5 4 7 5 5 5 4 9 13 14 11 11 4 4 5 4 5 5 4 5 8 14 14 13 9 5 4 5 5 4 5 5 4 5 6 5 5 8 15 14 13 4 6 4 5 5 5 6 5 5 4 5 5 6 5 5 5 5 5 5 5 6 5 6 5 6 5 5 6 5 6 5 5 6 5 7 5 5 6 8 7 7 8 6 6 6 6 6 5 7 5 7 6 7 7 8 6 7 7 6 6 6 6 6 7 7 7 5 7 8 9 11 8 8 8 9 7 7 10 7 8 8 8 8 8 8 9 8 9 7 10 9 7 8 8 7 9 8 7 7 7 9 8 7 8 11 7 10 10 8 8 7 8 8 7 9 9 8 8 9 9 8 9 11 9 10 12 11 10 10 12 8 9 8 9 8 11 10 9 9 14 12 13 15 14 14 16 14 11 11 11 11 12 15 15 13 13 14 13 13 15 15 13 10 12 10 10 12 13 12 12 13 13 14 14 14 11 9 9 10 11 9 9 10 11 10 10 9 11 12 11 10 12 9 12 13 10 10 10 11 10 11 10 10 11 10 11 10 11 11 15 12 11 11 10 11 11 11 10 11 10 12 12 11 10 10 13 11 11 12 12 11 11 12 12 10 12 12 13 12 13 13 13 14 16 15 15 15 13 13 14 13 11 12 13 13 12 12 11 12 15 13 12 14 13 13 14 14 13 16 13 12 13 13 13 13 12 13 17 19 19 21 21 20 21 22 21 21 18 13 15 12 13 13 12 12 12 14 13 13 14 13 16 15 15 15 13 13 12 15 12 12 15 14 15 16 17 14 14 13 16 27 28 27 27 23 16 14 14 16 13 15 15 14 14 13 15 15 16 17 13 14 13 13 14 14 14 14 13 14 14 14 13 15 15 15 16 16 15 14 14 14 15 25 41 40 40 34 20 17 18 21 26 27 27 25 26 26 26 26 17 17 18 17 18 19 19 21 23 21 18 18 16 20 17 18 24 17 18 20 17 16 16 16 20 17 16 16 16 15 19 18 17 17 16 18 17 17 16 19 17 17 17 17 16 19 18 17 17 17 23 22 20 23 31 31 34 35 32 23 19 18 16 19 19 20 21 19 21 17 17 21 18 16 21 19 18 19 17 17 19 19 18 18 17 18 17 17 17 22 21 24 25 27 25 19 18 19 18 19 21 25 27 25 19 18 22 21 22 18 20 18 19 20 23 21 21 20 20 20 20 21 21 20 21 20 20 20 19 20 20 18 20 18 20 19 19 30 30 31 31 20 20 22 21 20 22 19 20 23 28 27 22 21 21 24 22 26 28 28 28 21 21 21 21 21 24 47 44 35 25 26 30 22 20 20 21 19 21 24 22 25 23 20 20 21 22 19 21 23 22 22 19 20 21 21 21 20 20 20 22 20 20 20 21 26 37 35 34 40 36 24 36 32 25 25 25 30 22 24 29 25 28 29 28 30 29 27 26 32 31 31 33 29 31 29 27 26 27 28 28 28 28 30 28 31 28 28 30 33 32 32 36 48 43 36 36 29 30 29 29 29 26 29 29 31 30 28 29 29 32 29 32 33 35 33 30 31 35 35 33 34 36 53 51 42 28 31 30 26 27 26 31 34 34 31 34 25 28 28 28 33 35 29 31 26 29 32 27 29 26 30 27 27 26 26 27 24 29 29 28 25 26 24 30 27 27 33 35 29 27 25 31 26 27 31 33 34 38 33 33 30 27 31 30 27 25 27 28 27 25 26 27 24 25 27 30 24 26 45 44 37 24 28 28 27 27 29 29 32 32 31 34 36 33 33 35 32 31 33 34 35 35 45 44 42 35 35 34 34 36 38 43 42 45 46 42 39 36 35 36 34 35 36 32 34 35 34 33 35 35 34 35 35 35 45 45 

